0.75 0.525 0.5 0.525 0.5 0.475 0.75 0.475
0.789338 0.53091 0.539408 0.524993 0.540592 0.475007 0.790522 0.480924
1.17083 0.640331 0.929262 0.575968 0.942135 0.527653 1.18371 0.592017
1.51603 0.836166 1.29629 0.716946 1.32013 0.672998 1.53988 0.792218
1.80568 1.10749 1.62002 0.940065 1.65351 0.902934 1.83916 1.07036
2.02362 1.43918 1.8824 1.23288 1.92366 1.20464 2.06488 1.41093
2.1691 1.80935 2.06924 1.58016 2.11508 1.56019 2.21494 1.78938
2.42044 2.13147 2.26962 1.93209 2.3095 1.90193 2.46032 2.10131
2.74031 2.38568 2.54694 2.22722 2.57863 2.18855 2.772 2.347
3.11088 2.55777 2.88574 2.44909 2.90748 2.40406 3.13262 2.51275
3.51147 2.63817 3.26712 2.58531 3.27769 2.53644 3.52204 2.5893
3.95958 2.62437 3.70962 2.6283 3.70883 2.57831 3.9588 2.57438
4.756 2.51594 4.50972 2.55894 4.50112 2.50968 4.7474 2.46668
5.52562 2.28418 5.28912 2.3652 5.27291 2.3179 5.50942 2.23688
6.24949 1.93483 6.02858 2.05187 6.00517 2.00768 6.22608 1.89065
6.90976 1.47648 6.70989 1.62666 6.67985 1.58668 6.87973 1.43651
7.45027 0.965927 7.27356 1.14278 7.2382 1.10743 7.4149 0.930586
7.59163 0.824448 7.41493 1.0013 7.37956 0.965956 7.55626 0.789107
7.733 0.68297 7.55629 0.859818 7.52092 0.824477 7.69763 0.647629
7.87436 0.541492 7.69766 0.71834 7.66229 0.682999 7.83899 0.50615
8.01573 0.400013 7.83902 0.576861 7.80365 0.54152 7.98036 0.364672
car_estimations
0.75 0.525 0.5 0.525 0.5 0.475 0.75 0.475
0.788253 0.536623 0.538526 0.524935 0.540863 0.47499 0.79059 0.486677
1.15531 0.635309 0.914351 0.568681 0.927676 0.52049 1.16863 0.587117
1.48625 0.830067 1.2697 0.705133 1.29469 0.661824 1.51123 0.786758
1.81194 1.10252 1.62502 0.936499 1.65823 0.899115 1.84514 1.06513
2.10051 1.47773 1.96382 1.26841 2.00568 1.24107 2.14237 1.45039
2.34058 1.89483 2.25122 1.66134 2.29792 1.64347 2.38728 1.87696
2.68605 2.24943 2.54527 2.04283 2.58659 2.01468 2.72736 2.22127
3.07406 2.53339 2.89111 2.36301 2.92518 2.32642 3.10814 2.4968
3.53053 2.72046 3.30988 2.60293 3.33339 2.5588 3.55404 2.67633
4.01139 2.8247 3.76973 2.7607 3.78253 2.71236 4.0242 2.77637
4.55358 2.82943 4.30358 2.82897 4.30367 2.77897 4.55367 2.77943
5.45335 2.76475 5.20477 2.79137 5.19945 2.74165 5.44803 2.71503
6.32479 2.57661 6.0839 2.64349 6.07052 2.59531 6.31141 2.52843
7.15607 2.25665 6.92915 2.36158 6.90817 2.3162 7.13508 2.21127
7.94073 1.84087 7.73008 1.9755 7.70315 1.93337 7.9138 1.79874
8.60784 1.37234 8.42663 1.54457 8.39219 1.50833 8.5734 1.3361
8.87646 1.26752 8.69439 1.43885 8.66012 1.40243 8.84219 1.23111
9.12891 1.16452 8.94263 1.33126 8.90929 1.29401 9.09556 1.12726
9.38197 1.05738 9.19275 1.22077 9.16007 1.18293 9.34929 1.01953
9.65221 0.969181 9.45883 1.12762 9.42714 1.08895 9.62052 0.930505
walls
5 0.5
5 0.783116
5 1.06848
5 1.35842
5 1.6554
5 1.96214
5 3.35579
5 3.76944
5 4.22272
5 4.72578
4.72578 5
4.22272 5
3.76944 5
3.35579 5
2.9739 5
2.61754 5
2.28168 5
1.96214 5
1.6554 5
1.35842 5
1.06848 5
0.783116 5
0.5 5
0.216884 5
-1.11022e-16 4.45791
-7.77156e-16 3.12109
1.66533e-16 2.44737
-7.77156e-16 2.03884
6.10623e-16 1.76286
0 1.56255
-5.55112e-16 1.4095
-4.44089e-16 1.28787
-3.33067e-16 1.18819
3.33067e-16 1.1044
0 1.03245
-3.33067e-16 0.969531
-4.44089e-16 0.913636
5.55112e-16 0.863271
4.44089e-16 0.81731
-4.44089e-16 0.774877
0 0.735282
0 0.697964
2.77556e-16 0.66246
2.22045e-16 0.628378
2.22045e-16 0.59538
1.11022e-16 0.563165
0 0.531457
0 0.5
-2.22045e-16 0.468543
0 0.436835
1.11022e-16 0.40462
0 0.371622
-2.22045e-16 0.33754
0 0.302036
0 0.264718
3.33067e-16 0.225123
3.33067e-16 0.18269
4.44089e-16 0.136729
-4.44089e-16 0.086364
2.22045e-16 0.0304687
0.0304687 -1.11022e-16
0.086364 5.55112e-17
0.136729 5.55112e-17
0.18269 0
0.225123 -1.11022e-16
0.264718 0
0.302036 -2.22045e-16
0.33754 0
0.371622 0
0.40462 0
0.436835 5.55112e-17
0.468543 0
0.5 0
0.531457 0
0.563165 0
0.59538 5.55112e-17
0.628378 0
0.66246 -1.11022e-16
0.697964 1.11022e-16
0.735282 -2.22045e-16
0.774877 0
0.81731 1.11022e-16
0.863271 1.11022e-16
0.913636 0
0.969531 -1.11022e-16
1.03245 1.66533e-16
1.1044 -1.11022e-16
1.18819 0
1.28787 5.55112e-17
1.4095 0
1.56255 -1.11022e-16
1.76286 -1.11022e-16
2.03884 0
2.44737 5.55112e-17
3.12109 1.11022e-16
4.45791 0
5 0.216884
